10	4.10E+003	47.3	-36.8	 6.2	 5.6	 2.7	0
15	2.37E+003	33.4	-27.3	 4.9	 4.0	 2.8	0
20	1.09E+003	24.9	-20.9	 4.3	 3.1	 2.9	0
25	5.72E+002	20.3	-16.9	 4.0	 2.6	 3.0	0
30	3.40E+002	18	-14.6	 3.9	 2.5	 3.0	0
35	2.24E+002	15.8	-13.3	 3.8	 2.3	 3.0	0
40	1.60E+002	14.1	-12.6	 3.7	 2.2	 3.0	0
45	1.21E+002	12.8	-11.8	 3.7	 2.1	 3.0	0
50	9.49E+001	11.8	-11.3	 3.6	 2.1	 3.0	0
55	7.71E+001	11.1	-10.8	 3.6	 2.0	 2.9	0
60	6.41E+001	10.5	-10.4	 3.5	 2.0	 2.9	0
65	5.44E+001	9.9	-10	 3.5	 2.0	 2.8	0
70	4.68E+001	9.5	-9.7	 3.4	 1.9	 2.8	0
75	4.07E+001	9.2	-9.5	 3.4	 1.9	 2.8	0
80	3.58E+001	8.9	-9.2	 3.3	 1.9	 2.8	0
85	3.17E+001	8.6	-9	 3.3	 1.9	 2.7	0
90	2.83E+001	8.4	-8.8	 3.3	 1.9	 2.7	0
95	2.54E+001	8.2	-8.7	 3.3	 1.9	 2.7	0
100	2.29E+001	8	-8.5	 3.3	 1.9	 2.7	1.0418
105	2.08E+001	7.8	-8.4	 3.2	 1.9	 2.6	1.0436
110	1.89E+001	7.7	-8.3	 3.2	 1.9	 2.6	1.0455
115	1.73E+001	7.5	-8.2	 3.2	 1.8	 2.6	1.0474
120	1.58E+001	7.4	-8	 3.2	 1.8	 2.6	1.0494
125	1.46E+001	7.3	-7.9	 3.2	 1.8	 2.6	1.0514
130	1.34E+001	7.1	-7.8	 3.2	 1.8	 2.6	1.0534
135	1.24E+001	7	-7.7	 3.2	 1.8	 2.6	1.0553
140	1.15E+001	6.9	-7.7	 3.2	 1.8	 2.6	1.0571
145	1.07E+001	6.8	-7.6	 3.1	 1.8	 2.6	1.0587
150	9.97E+000	6.8	-7.5	 3.1	 1.8	 2.5	1.0598
160	8.71E+000	6.6	-7.4	 3.1	 1.9	 2.5	1.0486
170	7.66E+000	6.4	-7.2	 3.2	 1.9	 2.5	1.0206
180	6.79E+000	6.3	-7.1	 3.2	 1.9	 2.5	1.0053
190	6.06E+000	6.2	-7	 3.2	 1.9	 2.5	0.9872
200	5.44E+000	6.2	-6.9	 3.2	 1.9	 2.5	0.9793
210	4.91E+000	6.1	-6.8	 3.2	 1.9	 2.5	0.9761
220	4.46E+000	6.1	-6.7	 3.2	 2.0	 2.5	0.9749
230	4.07E+000	6.1	-6.6	 3.2	 2.0	 2.5	0.9749
240	3.73E+000	6	-6.5	 3.2	 2.0	 2.5	0.9755
250	3.45E+000	6	-6.4	 3.3	 2.1	 2.5	0.9762
260	3.20E+000	6	-6.4	 3.3	 2.1	 2.5	0.9772
270	2.98E+000	6	-6.3	 3.3	 2.2	 2.5	0.9783
280	2.80E+000	5.9	-6.3	 3.4	 2.2	 2.5	0.9795
290	2.64E+000	5.9	-6.2	 3.4	 2.3	 2.6	0.9805
300	2.51E+000	5.9	-6.1	 3.5	 2.3	 2.6	0.9813
310	2.41E+000	5.9	-6.1	 3.5	 2.4	 2.6	0.9819
320	2.34E+000	5.9	-6	 3.5	 2.4	 2.6	0.982
330	2.29E+000	5.9	-5.9	 3.6	 2.5	 2.6	0.9813
340	2.30E+000	5.9	-5.9	 3.6	 2.5	 2.6	0.9779
350	2.44E+000	5.9	-5.8	 3.7	 2.6	 2.6	0.9595
360	2.50E+000	6	-5.7	 3.7	 2.6	 2.6	0.9608
370	2.47E+000	6	-5.7	 3.8	 2.7	 2.7	0.9642
380	2.38E+000	6	-5.6	 3.9	 2.8	 2.7	0.9677
390	2.26E+000	6	-5.6	 3.9	 2.8	 2.7	0.9713
400	2.12E+000	6	-5.5	 4.0	 2.9	 2.7	0.9741
410	1.98E+000	6	-5.5	 4.0	 3.0	 2.7	0.9771
420	1.83E+000	6	-5.5	 4.1	 3.0	 2.7	0.9802
430	1.68E+000	6	-5.4	 4.1	 3.1	 2.7	0.983
440	1.54E+000	6	-5.4	 4.2	 3.2	 2.8	0.9853
450	1.41E+000	6	-5.4	 4.3	 3.3	 2.8	0.9878
460	1.29E+000	6	-5.4	 4.3	 3.3	 2.8	0.99
470	1.18E+000	6	-5.3	 4.4	 3.4	 2.8	0.9921
480	1.07E+000	6	-5.3	 4.5	 3.5	 2.8	0.994
490	9.76E-001	6	-5.3	 4.5	 3.5	 2.8	0.9961
500	8.88E-001	6	-5.3	 4.6	 3.6	 2.8	0.9981
550	5.52E-001	6.1	-5.2	 5.0	 4.0	 2.9	1.0069
600	3.46E-001	6.2	-5.2	 5.3	 4.4	 3.0	1.0152
650	2.20E-001	6.2	-5.3	 5.7	 4.8	 3.1	1.0226
700	1.41E-001	6.3	-5.3	 6.2	 5.2	 3.2	1.0301
750	9.23E-002	6.4	-5.4	 6.6	 5.7	 3.3	1.0377
800	6.11E-002	6.5	-5.5	 7.0	 6.1	 3.4	1.0454
850	4.11E-002	6.6	-5.5	 7.5	 6.6	 3.5	1.0532
900	2.79E-002	6.7	-5.6	 7.9	 7.0	 3.7	1.061
950	1.92E-002	6.8	-5.7	 8.4	 7.5	 3.8	1.0695
1000	1.34E-002	7	-5.8	 8.9	 7.9	 3.9	1.0783
1050	9.38E-003	7.1	-5.9	 9.3	 8.4	 4.1	1.089
1100	6.65E-003	7.2	-5.9	 9.9	 8.9	 4.2	1.1004
1150	4.75E-003	7.3	-6	 10.4	 9.4	 4.3	1.1122
1200	3.42E-003	7.4	-6.1	 10.9	 9.9	 4.5	1.1242
1250	2.48E-003	7.5	-6.2	 11.5	 10.5	 4.7	1.1364
1300	1.82E-003	7.6	-6.3	 12.0	 11.0	 4.8	1.1475
1350	1.33E-003	7.7	-6.4	 12.6	 11.6	 5.0	1.1586
1400	9.86E-004	7.8	-6.5	 13.2	 12.2	 5.2	1.17
1450	7.33E-004	7.9	-6.6	 13.8	 12.8	 5.3	1.1816
1500	5.48E-004	8	-6.7	 14.5	 13.4	 5.5	1.1937
1550	4.11E-004	8.1	-6.8	 15.1	 14.0	 5.7	1.2069
1600	3.10E-004	8.1	-7	 15.8	 14.7	 5.9	1.2206
1650	2.35E-004	8.1	-7.1	 16.5	 15.3	 6.1	1.2347
1700	1.78E-004	8.2	-7.2	 17.3	 16.0	 6.4	1.2493
1750	1.36E-004	8.2	-7.7	 9.0	 3.3	 8.4	1.2644
1800	1.04E-004	8.2	-7.8	 10.6	 6.6	 8.3	1.2798
1850	7.97E-005	8.3	-7.9	 12.7	 9.7	 8.2	1.2955
1900	6.13E-005	8.3	-8	 14.9	 12.4	 8.2	1.3117
1950	4.73E-005	8.4	-8.1	 17.1	 14.9	 8.3	1.3283
2000	3.66E-005	8.4	-8.2	 19.1	 17.2	 8.3	1.3453
