10	7.44E+003	49.3	-39.1	 8.0	 7.5	 2.8	0
15	4.58E+003	37.1	-30.7	 6.0	 5.3	 2.8	0
20	2.25E+003	28.7	-24.5	 4.9	 3.9	 2.9	0
25	1.24E+003	23.2	-20	 4.4	 3.2	 2.9	0
30	7.73E+002	19.9	-16.9	 4.2	 2.9	 3.0	0
35	5.29E+002	17.5	-14.7	 4.0	 2.6	 3.0	0
40	3.89E+002	15.8	-13.3	 3.9	 2.5	 3.0	0
45	3.02E+002	14.4	-12.5	 3.8	 2.4	 3.0	0
50	2.44E+002	13.2	-11.9	 3.7	 2.3	 3.0	0
55	2.03E+002	12.3	-11.4	 3.7	 2.2	 2.9	0
60	1.72E+002	11.6	-10.9	 3.6	 2.1	 2.9	0
65	1.49E+002	10.9	-10.5	 3.5	 2.1	 2.9	0
70	1.30E+002	10.4	-10.2	 3.5	 2.0	 2.8	0
75	1.15E+002	10	-9.9	 3.4	 2.0	 2.8	0
80	1.03E+002	9.6	-9.6	 3.4	 2.0	 2.8	0
85	9.25E+001	9.3	-9.4	 3.3	 1.9	 2.7	0
90	8.38E+001	9	-9.2	 3.3	 1.9	 2.7	0
95	7.63E+001	8.7	-9	 3.3	 1.9	 2.7	0
100	6.98E+001	8.5	-8.8	 3.2	 1.9	 2.6	1.0418
105	6.41E+001	8.3	-8.6	 3.2	 1.9	 2.6	1.0436
110	5.91E+001	8.1	-8.5	 3.2	 1.9	 2.6	1.0455
115	5.47E+001	7.9	-8.4	 3.1	 1.8	 2.6	1.0474
120	5.08E+001	7.8	-8.2	 3.1	 1.8	 2.5	1.0494
125	4.73E+001	7.6	-8.1	 3.1	 1.8	 2.5	1.0514
130	4.41E+001	7.5	-8	 3.1	 1.8	 2.5	1.0534
135	4.13E+001	7.4	-7.9	 3.1	 1.8	 2.5	1.0553
140	3.87E+001	7.3	-7.8	 3.0	 1.8	 2.5	1.0571
145	3.64E+001	7.2	-7.7	 3.0	 1.8	 2.5	1.0587
150	3.43E+001	7.1	-7.6	 3.0	 1.8	 2.4	1.0598
160	3.06E+001	6.9	-7.5	 3.0	 1.8	 2.4	1.0486
170	2.75E+001	6.7	-7.3	 3.0	 1.8	 2.4	1.0206
180	2.49E+001	6.5	-7.2	 2.9	 1.7	 2.4	1.0053
190	2.26E+001	6.4	-7.1	 2.9	 1.7	 2.3	0.9872
200	2.07E+001	6.3	-7	 2.9	 1.7	 2.3	0.9793
210	1.91E+001	6.2	-6.9	 2.9	 1.7	 2.3	0.9761
220	1.76E+001	6.1	-6.8	 2.9	 1.7	 2.3	0.9749
230	1.64E+001	6	-6.7	 2.9	 1.7	 2.3	0.9749
240	1.53E+001	5.9	-6.6	 2.8	 1.7	 2.3	0.9755
250	1.44E+001	5.8	-6.5	 2.8	 1.7	 2.2	0.9762
260	1.36E+001	5.8	-6.5	 2.8	 1.7	 2.2	0.9772
270	1.29E+001	5.7	-6.4	 2.8	 1.7	 2.2	0.9783
280	1.23E+001	5.7	-6.3	 2.8	 1.7	 2.2	0.9795
290	1.18E+001	5.7	-6.3	 2.8	 1.7	 2.2	0.9805
300	1.14E+001	5.7	-6.2	 2.8	 1.7	 2.2	0.9813
310	1.11E+001	5.7	-6.1	 2.8	 1.8	 2.2	0.9819
320	1.09E+001	5.7	-6	 2.8	 1.8	 2.2	0.982
330	1.09E+001	5.7	-6	 2.8	 1.8	 2.2	0.9813
340	1.11E+001	5.7	-5.9	 2.8	 1.8	 2.2	0.9779
350	1.20E+001	5.7	-5.8	 2.8	 1.8	 2.2	0.9595
360	1.24E+001	5.7	-5.8	 2.8	 1.8	 2.2	0.9608
370	1.25E+001	5.7	-5.7	 2.9	 1.8	 2.2	0.9642
380	1.22E+001	5.7	-5.6	 2.9	 1.8	 2.2	0.9677
390	1.17E+001	5.7	-5.6	 2.9	 1.9	 2.2	0.9713
400	1.12E+001	5.7	-5.5	 2.9	 1.9	 2.2	0.9741
410	1.06E+001	5.7	-5.5	 2.9	 1.9	 2.2	0.9771
420	9.92E+000	5.7	-5.4	 2.9	 1.9	 2.2	0.9802
430	9.27E+000	5.7	-5.4	 2.9	 1.9	 2.2	0.983
440	8.62E+000	5.7	-5.3	 2.9	 2.0	 2.2	0.9853
450	8.01E+000	5.6	-5.3	 3.0	 2.0	 2.2	0.9878
460	7.42E+000	5.6	-5.2	 3.0	 2.0	 2.2	0.99
470	6.86E+000	5.6	-5.2	 3.0	 2.0	 2.2	0.9921
480	6.34E+000	5.6	-5.2	 3.0	 2.0	 2.2	0.994
490	5.85E+000	5.6	-5.1	 3.0	 2.1	 2.2	0.9961
500	5.40E+000	5.6	-5.1	 3.0	 2.1	 2.2	0.9981
550	3.60E+000	5.5	-5	 3.1	 2.2	 2.2	1.0069
600	2.41E+000	5.4	-4.9	 3.2	 2.3	 2.3	1.0152
650	1.64E+000	5.4	-4.8	 3.4	 2.5	 2.3	1.0226
700	1.12E+000	5.4	-4.8	 3.5	 2.6	 2.3	1.0301
750	7.83E-001	5.4	-4.7	 3.6	 2.8	 2.3	1.0377
800	5.53E-001	5.4	-4.7	 3.8	 3.0	 2.4	1.0454
850	3.95E-001	5.4	-4.7	 4.0	 3.2	 2.4	1.0532
900	2.86E-001	5.4	-4.7	 4.1	 3.3	 2.4	1.061
950	2.09E-001	5.4	-4.7	 4.3	 3.5	 2.5	1.0695
1000	1.55E-001	5.5	-4.7	 4.5	 3.7	 2.5	1.0783
1050	1.16E-001	5.5	-4.7	 4.7	 3.9	 2.6	1.089
1100	8.71E-002	5.6	-4.8	 4.9	 4.1	 2.6	1.1004
1150	6.62E-002	5.6	-4.8	 5.1	 4.3	 2.7	1.1122
1200	5.07E-002	5.6	-4.8	 5.3	 4.5	 2.7	1.1242
1250	3.91E-002	5.7	-4.8	 5.5	 4.7	 2.7	1.1364
1300	3.04E-002	5.7	-4.8	 5.7	 4.9	 2.8	1.1475
1350	2.37E-002	5.7	-4.9	 5.9	 5.1	 2.8	1.1586
1400	1.87E-002	5.7	-4.9	 6.1	 5.3	 2.9	1.17
1450	1.48E-002	5.8	-4.9	 6.3	 5.6	 2.9	1.1816
1500	1.17E-002	5.9	-5	 6.5	 5.8	 3.0	1.1937
1550	9.38E-003	6.1	-5	 6.7	 6.0	 3.1	1.2069
1600	7.53E-003	6.3	-5	 6.9	 6.2	 3.1	1.2206
1650	6.07E-003	6.5	-5.1	 7.1	 6.4	 3.2	1.2347
1700	4.92E-003	6.8	-5.1	 7.4	 6.6	 3.2	1.2493
1750	4.00E-003	9.4	-1.7	 9.1	 7.5	 5.0	1.2644
1800	3.26E-003	9.1	-2.3	 9.0	 7.6	 4.7	1.2798
1850	2.67E-003	8.8	-2.9	 9.0	 7.7	 4.5	1.2955
1900	2.20E-003	8.6	-3.4	 9.0	 7.9	 4.3	1.3117
1950	1.81E-003	8.4	-3.8	 9.0	 8.0	 4.2	1.3283
2000	1.50E-003	8.3	-4.2	 9.1	 8.2	 4.0	1.3453
