80	0.824	0.0827	0.000287	0.0418	0.000353	0	0.0494	0.000918	0	0.000627	0.000164	0.00199
81	0.823	0.0827	0.000288	0.0417	0.000352	0	0.0505	0.000946	0	0.000696	0.000181	0.00201
82	0.821	0.0828	0.000288	0.0416	0.000352	0	0.0517	0.000974	0	0.000774	0.000199	0.00204
83	0.82	0.0829	0.000288	0.0416	0.000351	0	0.0528	0.001	0	0.000861	0.000218	0.00206
84	0.819	0.083	0.000288	0.0415	0.000351	0	0.054	0.00103	0	0.000961	0.00024	0.00208
85	0.817	0.083	0.000289	0.0414	0.00035	0	0.0551	0.00106	0	0.00108	0.000263	0.00211
86	0.816	0.0831	0.000289	0.0413	0.000349	0	0.0563	0.00109	0	0.00121	0.000288	0.00213
87	0.815	0.0831	0.000289	0.0413	0.000349	0	0.0575	0.00112	0	0.00137	0.000316	0.00215
88	0.813	0.0832	0.000289	0.0412	0.000348	0	0.0587	0.00115	0	0.00156	0.000347	0.00218
89	0.812	0.0832	0.000289	0.0411	0.000347	0	0.0599	0.00119	0	0.00179	0.00038	0.0022
90	0.81	0.0833	0.000289	0.041	0.000347	0	0.0612	0.00122	0	0.00207	0.000417	0.00222
91	0.809	0.0833	0.000289	0.0409	0.000346	0	0.0624	0.00125	0	0.00241	0.000457	0.00225
92	0.807	0.0833	0.000289	0.0408	0.000345	0	0.0636	0.00129	5.09E-008	0.00283	0.000502	0.00227
93	0.805	0.0833	0.000289	0.0407	0.000344	0	0.0649	0.00132	0.000000517	0.00333	0.00055	0.0023
94	0.803	0.0833	0.000289	0.0406	0.000344	0	0.0661	0.00136	0.00000185	0.00394	0.000605	0.00232
95	0.801	0.0832	0.000289	0.0405	0.000343	0	0.0674	0.00139	0.00000448	0.00468	0.000665	0.00235
96	0.799	0.0832	0.000289	0.0404	0.000342	0	0.0687	0.00143	0.00000878	0.00555	0.000733	0.00237
97	0.797	0.0831	0.000289	0.0403	0.000341	0	0.0699	0.00146	0.0000151	0.0066	0.000811	0.0024
98	0.795	0.0831	0.000288	0.0402	0.00034	0	0.0712	0.0015	0.0000238	0.00783	0.0009	0.00243
99	0.792	0.0829	0.000288	0.04	0.000339	0	0.0724	0.00154	0.0000351	0.00928	0.001	0.00246
100	0.789	0.0828	0.000288	0.0399	0.000337	0	0.0737	0.00158	0.0000493	0.011	0.00112	0.00248
101	0.786	0.0827	0.000287	0.0397	0.000336	0	0.0749	0.00161	0.0000667	0.0129	0.00126	0.00251
102	0.783	0.0825	0.000286	0.0396	0.000335	0	0.0761	0.00165	0.0000874	0.0152	0.00143	0.00254
103	0.779	0.0822	0.000286	0.0394	0.000333	0	0.0773	0.00169	0.000112	0.0178	0.00163	0.00258
104	0.775	0.082	0.000285	0.0392	0.000331	0	0.0784	0.00173	0.00014	0.0207	0.00186	0.00261
105	0.771	0.0817	0.000284	0.039	0.00033	0	0.0795	0.00177	0.000171	0.0241	0.00213	0.00264
106	0.766	0.0813	0.000282	0.0387	0.000328	0	0.0806	0.0018	0.000207	0.0278	0.00245	0.00268
107	0.761	0.081	0.000281	0.0385	0.000325	0	0.0816	0.00184	0.000247	0.032	0.00283	0.00272
108	0.756	0.0805	0.00028	0.0382	0.000323	0	0.0826	0.00188	0.000291	0.0367	0.00326	0.00276
109	0.75	0.08	0.000278	0.0379	0.00032	0	0.0836	0.00192	0.000339	0.0419	0.00376	0.0028
110	0.744	0.0795	0.000276	0.0376	0.000318	0	0.0844	0.00195	0.000391	0.0477	0.00434	0.00285
110.5	0.74	0.0792	0.000275	0.0374	0.000316	0	0.0848	0.00197	0.000419	0.0508	0.00466	0.00287
111	0.737	0.0789	0.000274	0.0372	0.000315	0	0.0852	0.00199	0.000447	0.0541	0.00501	0.00289
111.5	0.733	0.0785	0.000273	0.037	0.000313	0	0.0856	0.002	0.000477	0.0575	0.00537	0.00292
112	0.729	0.0782	0.000271	0.0368	0.000311	0	0.086	0.00202	0.000507	0.061	0.00576	0.00295
112.5	0.725	0.0778	0.00027	0.0366	0.00031	0	0.0863	0.00204	0.000539	0.0648	0.00618	0.00297
113	0.721	0.0775	0.000269	0.0364	0.000308	0	0.0866	0.00205	0.000571	0.0686	0.00662	0.003
113.5	0.717	0.0771	0.000268	0.0362	0.000306	0	0.0869	0.00207	0.000604	0.0727	0.00708	0.00303
114	0.712	0.0767	0.000266	0.036	0.000304	0	0.0872	0.00208	0.000639	0.0769	0.00757	0.00306
114.5	0.708	0.0763	0.000265	0.0357	0.000302	0	0.0874	0.0021	0.000674	0.0813	0.00809	0.00309
115	0.703	0.0758	0.000263	0.0355	0.0003	0	0.0876	0.00211	0.00071	0.0859	0.00864	0.00312
115.5	0.698	0.0753	0.000262	0.0353	0.000298	0	0.0878	0.00213	0.000746	0.0906	0.00922	0.00315
116	0.693	0.0749	0.00026	0.035	0.000296	0	0.088	0.00214	0.000784	0.0955	0.00983	0.00319
116.5	0.688	0.0744	0.000258	0.0347	0.000294	0	0.0881	0.00215	0.000822	0.101	0.0105	0.00322
117	0.683	0.0739	0.000256	0.0345	0.000292	0	0.0882	0.00217	0.000861	0.106	0.0111	0.00326
117.5	0.677	0.0733	0.000254	0.0342	0.000289	0	0.0883	0.00218	0.0009	0.111	0.0119	0.0033
118	0.672	0.0728	0.000253	0.0339	0.000287	0	0.0883	0.00219	0.000941	0.117	0.0126	0.00333
118.5	0.666	0.0722	0.000251	0.0336	0.000284	0	0.0884	0.0022	0.000981	0.123	0.0134	0.00338
119	0.66	0.0716	0.000249	0.0333	0.000282	0	0.0884	0.00221	0.00102	0.129	0.0142	0.00342
119.5	0.654	0.071	0.000247	0.033	0.000279	0	0.0883	0.00222	0.00106	0.135	0.015	0.00346
120	0.648	0.0704	0.000244	0.0327	0.000276	0	0.0882	0.00223	0.00111	0.141	0.0159	0.00351
120.1	0.646	0.0703	0.000244	0.0326	0.000276	0	0.0882	0.00223	0.00112	0.143	0.0161	0.00352
120.2	0.645	0.0701	0.000243	0.0326	0.000275	0	0.0882	0.00223	0.00112	0.144	0.0162	0.00352
120.3	0.644	0.07	0.000243	0.0325	0.000275	0	0.0882	0.00223	0.00113	0.145	0.0164	0.00353
120.4	0.642	0.0699	0.000243	0.0324	0.000274	0	0.0882	0.00224	0.00114	0.147	0.0166	0.00354
120.5	0.641	0.0698	0.000242	0.0324	0.000274	0	0.0881	0.00224	0.00115	0.148	0.0168	0.00355
120.6	0.64	0.0696	0.000242	0.0323	0.000273	0	0.0881	0.00224	0.00116	0.149	0.017	0.00356
120.7	0.639	0.0695	0.000241	0.0322	0.000273	0	0.0881	0.00224	0.00117	0.151	0.0172	0.00357
120.8	0.637	0.0694	0.000241	0.0322	0.000272	0	0.0881	0.00224	0.00118	0.152	0.0173	0.00358
120.9	0.636	0.0692	0.00024	0.0321	0.000271	0	0.088	0.00224	0.00118	0.153	0.0175	0.00359
121	0.635	0.0691	0.00024	0.032	0.000271	0	0.088	0.00225	0.00119	0.155	0.0177	0.0036
121.1	0.633	0.069	0.000239	0.032	0.00027	0	0.088	0.00225	0.0012	0.156	0.0179	0.00361
121.2	0.632	0.0688	0.000239	0.0319	0.00027	0	0.0879	0.00225	0.00121	0.157	0.0181	0.00362
121.3	0.631	0.0687	0.000238	0.0318	0.000269	0	0.0879	0.00225	0.00122	0.159	0.0183	0.00363
121.4	0.629	0.0686	0.000238	0.0318	0.000269	0	0.0879	0.00225	0.00123	0.16	0.0185	0.00364
121.5	0.628	0.0684	0.000237	0.0317	0.000268	0	0.0878	0.00225	0.00124	0.161	0.0187	0.00365
121.6	0.627	0.0683	0.000237	0.0316	0.000268	0	0.0878	0.00225	0.00124	0.163	0.0189	0.00366
121.7	0.625	0.0681	0.000236	0.0316	0.000267	0	0.0878	0.00225	0.00125	0.164	0.0191	0.00367
121.8	0.624	0.068	0.000236	0.0315	0.000266	0	0.0877	0.00226	0.00126	0.166	0.0193	0.00368
121.9	0.622	0.0679	0.000235	0.0314	0.000266	0	0.0877	0.00226	0.00127	0.167	0.0195	0.00369
122	0.621	0.0677	0.000235	0.0313	0.000265	0	0.0876	0.00226	0.00128	0.169	0.0197	0.00371
122.1	0.62	0.0676	0.000234	0.0313	0.000265	0	0.0876	0.00226	0.00129	0.17	0.0199	0.00372
122.2	0.618	0.0674	0.000234	0.0312	0.000264	0	0.0875	0.00226	0.0013	0.171	0.0201	0.00373
122.3	0.617	0.0673	0.000233	0.0311	0.000263	0	0.0875	0.00226	0.0013	0.173	0.0203	0.00374
122.4	0.615	0.0672	0.000233	0.0311	0.000263	0	0.0874	0.00226	0.00131	0.174	0.0205	0.00375
122.5	0.614	0.067	0.000232	0.031	0.000262	0	0.0874	0.00226	0.00132	0.176	0.0207	0.00376
122.6	0.613	0.0669	0.000232	0.0309	0.000262	0	0.0873	0.00226	0.00133	0.177	0.021	0.00377
122.7	0.611	0.0667	0.000231	0.0308	0.000261	0	0.0873	0.00226	0.00134	0.179	0.0212	0.00378
122.8	0.61	0.0666	0.000231	0.0308	0.00026	0	0.0872	0.00227	0.00135	0.18	0.0214	0.00379
122.9	0.608	0.0664	0.00023	0.0307	0.00026	0	0.0872	0.00227	0.00136	0.182	0.0216	0.00381
123	0.607	0.0663	0.00023	0.0306	0.000259	0	0.0871	0.00227	0.00136	0.183	0.0218	0.00382
123.1	0.605	0.0661	0.000229	0.0306	0.000258	0	0.0871	0.00227	0.00137	0.185	0.022	0.00383
123.2	0.604	0.066	0.000229	0.0305	0.000258	0	0.087	0.00227	0.00138	0.186	0.0222	0.00384
123.3	0.602	0.0658	0.000228	0.0304	0.000257	0	0.0869	0.00227	0.00139	0.188	0.0225	0.00385
123.4	0.601	0.0657	0.000228	0.0303	0.000257	0	0.0869	0.00227	0.0014	0.189	0.0227	0.00386
123.5	0.6	0.0655	0.000227	0.0303	0.000256	0	0.0868	0.00227	0.00141	0.191	0.0229	0.00388
123.6	0.598	0.0654	0.000227	0.0302	0.000255	0	0.0868	0.00227	0.00142	0.192	0.0231	0.00389
123.7	0.597	0.0652	0.000226	0.0301	0.000255	0	0.0867	0.00227	0.00143	0.194	0.0234	0.0039
123.8	0.595	0.0651	0.000226	0.03	0.000254	0	0.0866	0.00227	0.00144	0.195	0.0236	0.00391
123.9	0.594	0.0649	0.000225	0.03	0.000253	0	0.0865	0.00227	0.00144	0.197	0.0238	0.00393
124	0.592	0.0648	0.000225	0.0299	0.000253	0	0.0865	0.00227	0.00145	0.199	0.0241	0.00394
124.1	0.591	0.0646	0.000224	0.0298	0.000252	0	0.0864	0.00228	0.00146	0.2	0.0243	0.00395
124.2	0.589	0.0645	0.000224	0.0297	0.000251	0	0.0863	0.00228	0.00147	0.202	0.0245	0.00396
124.3	0.588	0.0643	0.000223	0.0296	0.000251	0	0.0863	0.00228	0.00148	0.203	0.0248	0.00398
124.4	0.586	0.0641	0.000223	0.0296	0.00025	0	0.0862	0.00228	0.00149	0.205	0.025	0.00399
124.5	0.584	0.064	0.000222	0.0295	0.00025	0	0.0861	0.00228	0.0015	0.206	0.0252	0.004
124.6	0.583	0.0638	0.000222	0.0294	0.000249	0	0.086	0.00228	0.0015	0.208	0.0255	0.00402
124.7	0.581	0.0637	0.000221	0.0293	0.000248	0	0.0859	0.00228	0.00151	0.21	0.0257	0.00403
124.8	0.58	0.0635	0.00022	0.0293	0.000248	0	0.0859	0.00228	0.00152	0.211	0.0259	0.00404
124.9	0.578	0.0633	0.00022	0.0292	0.000247	0	0.0858	0.00228	0.00153	0.213	0.0262	0.00406
125	0.577	0.0632	0.000219	0.0291	0.000246	0	0.0857	0.00228	0.00154	0.215	0.0264	0.00407
125.1	0.575	0.063	0.000219	0.029	0.000246	0	0.0856	0.00228	0.00155	0.216	0.0267	0.00408
125.2	0.574	0.0629	0.000218	0.0289	0.000245	0	0.0855	0.00228	0.00156	0.218	0.0269	0.0041
125.3	0.572	0.0627	0.000218	0.0289	0.000244	0	0.0854	0.00228	0.00156	0.219	0.0272	0.00411
125.4	0.571	0.0625	0.000217	0.0288	0.000244	0	0.0853	0.00228	0.00157	0.221	0.0274	0.00412
125.5	0.569	0.0624	0.000216	0.0287	0.000243	0	0.0852	0.00228	0.00158	0.223	0.0276	0.00414
125.6	0.567	0.0622	0.000216	0.0286	0.000242	0	0.0852	0.00228	0.00159	0.224	0.0279	0.00415
125.7	0.566	0.0621	0.000215	0.0285	0.000241	0	0.0851	0.00228	0.0016	0.226	0.0281	0.00417
125.8	0.564	0.0619	0.000215	0.0285	0.000241	0	0.085	0.00228	0.00161	0.228	0.0284	0.00418
125.9	0.563	0.0617	0.000214	0.0284	0.00024	0	0.0849	0.00228	0.00162	0.229	0.0287	0.0042
126	0.561	0.0616	0.000214	0.0283	0.000239	0	0.0848	0.00228	0.00162	0.231	0.0289	0.00421
126.1	0.559	0.0614	0.000213	0.0282	0.000239	0	0.0847	0.00228	0.00163	0.233	0.0292	0.00423
126.2	0.558	0.0612	0.000212	0.0281	0.000238	0	0.0846	0.00228	0.00164	0.235	0.0294	0.00424
126.3	0.556	0.061	0.000212	0.0281	0.000237	0	0.0845	0.00228	0.00165	0.236	0.0297	0.00426
126.4	0.555	0.0609	0.000211	0.028	0.000237	0	0.0844	0.00228	0.00166	0.238	0.0299	0.00427
126.5	0.553	0.0607	0.000211	0.0279	0.000236	0	0.0842	0.00228	0.00167	0.24	0.0302	0.00429
126.6	0.551	0.0605	0.00021	0.0278	0.000235	0	0.0842	0.00228	0.00168	0.241	0.0304	0.0043
126.7	0.55	0.0604	0.00021	0.0277	0.000235	0	0.084	0.00228	0.00168	0.243	0.0307	0.00432
126.8	0.548	0.0602	0.000209	0.0276	0.000234	0	0.0839	0.00228	0.00169	0.245	0.031	0.00433
126.9	0.546	0.06	0.000208	0.0276	0.000233	0	0.0838	0.00227	0.0017	0.247	0.0312	0.00435
127	0.545	0.0598	0.000208	0.0275	0.000232	0	0.0837	0.00227	0.00171	0.248	0.0315	0.00436
127.1	0.543	0.0597	0.000207	0.0274	0.000232	0	0.0836	0.00227	0.00172	0.25	0.0318	0.00438
127.2	0.541	0.0595	0.000207	0.0273	0.000231	0	0.0835	0.00227	0.00173	0.252	0.032	0.0044
127.3	0.54	0.0593	0.000206	0.0272	0.00023	0	0.0834	0.00227	0.00173	0.254	0.0323	0.00441
127.4	0.538	0.0592	0.000205	0.0271	0.00023	0	0.0832	0.00227	0.00174	0.255	0.0326	0.00443
127.5	0.536	0.059	0.000205	0.0271	0.000229	0	0.0831	0.00227	0.00175	0.257	0.0328	0.00445
127.6	0.535	0.0588	0.000204	0.027	0.000228	0	0.083	0.00227	0.00176	0.259	0.0331	0.00446
127.7	0.533	0.0586	0.000203	0.0269	0.000228	0	0.0829	0.00227	0.00177	0.261	0.0334	0.00448
127.8	0.531	0.0585	0.000203	0.0268	0.000227	0	0.0828	0.00227	0.00177	0.262	0.0336	0.0045
127.9	0.53	0.0583	0.000202	0.0267	0.000226	0	0.0826	0.00227	0.00178	0.264	0.0339	0.00451
128	0.528	0.0581	0.000202	0.0266	0.000225	0	0.0825	0.00227	0.00179	0.266	0.0342	0.00453
128.1	0.526	0.0579	0.000201	0.0266	0.000225	0	0.0824	0.00227	0.0018	0.268	0.0345	0.00455
128.2	0.525	0.0577	0.0002	0.0265	0.000224	0	0.0823	0.00227	0.00181	0.27	0.0347	0.00457
128.3	0.523	0.0576	0.0002	0.0264	0.000223	0	0.0821	0.00226	0.00181	0.271	0.035	0.00458
128.4	0.521	0.0574	0.000199	0.0263	0.000222	0	0.082	0.00226	0.00182	0.273	0.0353	0.0046
128.5	0.52	0.0572	0.000199	0.0262	0.000222	0	0.0819	0.00226	0.00183	0.275	0.0356	0.00462
128.6	0.518	0.057	0.000198	0.0261	0.000221	0	0.0817	0.00226	0.00184	0.277	0.0358	0.00464
128.7	0.516	0.0569	0.000197	0.026	0.00022	0	0.0816	0.00226	0.00185	0.279	0.0361	0.00465
128.8	0.514	0.0567	0.000197	0.026	0.00022	0	0.0815	0.00226	0.00185	0.281	0.0364	0.00467
128.9	0.513	0.0565	0.000196	0.0259	0.000219	0	0.0813	0.00226	0.00186	0.282	0.0367	0.00469
129	0.511	0.0563	0.000195	0.0258	0.000218	0	0.0812	0.00226	0.00187	0.284	0.037	0.00471
129.1	0.509	0.0561	0.000195	0.0257	0.000217	0	0.081	0.00226	0.00188	0.286	0.0373	0.00473
129.2	0.508	0.056	0.000194	0.0256	0.000217	0	0.0809	0.00226	0.00189	0.288	0.0375	0.00475
129.3	0.506	0.0558	0.000194	0.0255	0.000216	0	0.0808	0.00225	0.00189	0.29	0.0378	0.00477
129.4	0.504	0.0556	0.000193	0.0254	0.000215	0	0.0806	0.00225	0.0019	0.292	0.0381	0.00479
129.5	0.502	0.0554	0.000192	0.0253	0.000214	0	0.0805	0.00225	0.00191	0.293	0.0384	0.00481
129.6	0.501	0.0552	0.000192	0.0253	0.000214	0	0.0803	0.00225	0.00192	0.295	0.0387	0.00483
129.7	0.499	0.055	0.000191	0.0252	0.000213	0	0.0802	0.00225	0.00192	0.297	0.039	0.00485
129.8	0.497	0.0549	0.00019	0.0251	0.000212	0	0.08	0.00225	0.00193	0.299	0.0393	0.00487
129.9	0.495	0.0547	0.00019	0.025	0.000211	0	0.0799	0.00225	0.00194	0.301	0.0395	0.00489
130	0.494	0.0545	0.000189	0.0249	0.000211	0	0.0797	0.00224	0.00195	0.303	0.0398	0.00491
130.5	0.485	0.0536	0.000186	0.0245	0.000207	0	0.079	0.00224	0.00198	0.312	0.0413	0.00501
131	0.476	0.0526	0.000183	0.024	0.000203	0	0.0782	0.00223	0.00202	0.322	0.0428	0.00512
131.5	0.467	0.0517	0.000179	0.0236	0.000199	0	0.0773	0.00222	0.00205	0.331	0.0442	0.00523
132	0.458	0.0507	0.000176	0.0231	0.000196	0	0.0765	0.00221	0.00209	0.341	0.0457	0.00535
132.5	0.449	0.0498	0.000173	0.0227	0.000192	0	0.0756	0.00219	0.00212	0.351	0.0472	0.00548
133	0.44	0.0488	0.000169	0.0222	0.000188	0	0.0747	0.00218	0.00215	0.361	0.0487	0.0056
133.5	0.431	0.0478	0.000166	0.0218	0.000184	0	0.0737	0.00217	0.00218	0.37	0.0502	0.00574
134	0.422	0.0469	0.000163	0.0213	0.00018	0	0.0728	0.00215	0.00221	0.38	0.0517	0.00588
134.5	0.413	0.0459	0.000159	0.0208	0.000176	0	0.0718	0.00214	0.00224	0.39	0.0532	0.00603
135	0.404	0.0449	0.000156	0.0204	0.000173	0	0.0708	0.00212	0.00227	0.4	0.0547	0.00618
135.5	0.395	0.0439	0.000152	0.0199	0.000169	0	0.0697	0.00211	0.00229	0.41	0.0562	0.00634
136	0.386	0.043	0.000149	0.0195	0.000165	0	0.0687	0.00209	0.00232	0.42	0.0577	0.00651
136.5	0.377	0.042	0.000146	0.019	0.000161	0	0.0676	0.00207	0.00234	0.431	0.0591	0.00669
137	0.368	0.041	0.000142	0.0186	0.000157	0	0.0665	0.00205	0.00236	0.441	0.0606	0.00687
137.5	0.359	0.04	0.000139	0.0181	0.000153	0	0.0654	0.00203	0.00238	0.451	0.062	0.00706
138	0.35	0.0391	0.000136	0.0177	0.000149	0	0.0643	0.00201	0.0024	0.461	0.0634	0.00726
138.5	0.341	0.0381	0.000132	0.0172	0.000146	0	0.0631	0.00199	0.00241	0.471	0.0648	0.00747
139	0.332	0.0371	0.000129	0.0168	0.000142	0	0.062	0.00197	0.00243	0.481	0.0661	0.0077
139.5	0.324	0.0362	0.000126	0.0163	0.000138	0	0.0608	0.00195	0.00244	0.491	0.0675	0.00793
140	0.315	0.0352	0.000122	0.0159	0.000134	0	0.0596	0.00193	0.00245	0.501	0.0687	0.00817
140.5	0.306	0.0343	0.000119	0.0154	0.000131	0	0.0584	0.0019	0.00246	0.511	0.07	0.00843
141	0.297	0.0333	0.000116	0.015	0.000127	0	0.0572	0.00188	0.00247	0.521	0.0712	0.0087
141.5	0.289	0.0324	0.000112	0.0146	0.000123	0	0.056	0.00185	0.00248	0.531	0.0724	0.00898
142	0.28	0.0315	0.000109	0.0141	0.00012	0	0.0548	0.00183	0.00248	0.541	0.0735	0.00928
142.5	0.272	0.0305	0.000106	0.0137	0.000116	0	0.0535	0.0018	0.00249	0.551	0.0746	0.00959
143	0.264	0.0296	0.000103	0.0133	0.000112	0	0.0523	0.00178	0.00249	0.561	0.0756	0.00992
143.5	0.256	0.0287	0.0000997	0.0129	0.000109	0	0.0511	0.00175	0.00249	0.571	0.0766	0.0103
144	0.247	0.0278	0.0000965	0.0125	0.000106	0	0.0498	0.00173	0.00249	0.58	0.0775	0.0106
144.5	0.239	0.0269	0.0000935	0.0121	0.000102	0	0.0486	0.0017	0.00248	0.59	0.0784	0.011
145	0.231	0.0261	0.0000904	0.0117	0.0000987	0	0.0473	0.00167	0.00248	0.6	0.0792	0.0114
145.5	0.224	0.0252	0.0000874	0.0113	0.0000954	0	0.046	0.00164	0.00247	0.61	0.0799	0.0119
146	0.216	0.0243	0.0000844	0.0109	0.0000921	0	0.0448	0.00161	0.00246	0.619	0.0806	0.0123
146.5	0.208	0.0235	0.0000815	0.0105	0.0000888	0	0.0435	0.00158	0.00245	0.629	0.0811	0.0128
147	0.2	0.0226	0.0000785	0.0101	0.0000855	0	0.0422	0.00155	0.00243	0.639	0.0816	0.0133
147.5	0.193	0.0218	0.0000757	0.00973	0.0000823	0	0.0409	0.00152	0.00242	0.648	0.082	0.0139
148	0.186	0.021	0.0000728	0.00936	0.0000792	0	0.0397	0.00149	0.0024	0.658	0.0823	0.0145
148.5	0.178	0.0202	0.00007	0.00899	0.0000761	0	0.0384	0.00146	0.00238	0.668	0.0825	0.0151
149	0.171	0.0194	0.0000672	0.00863	0.000073	0	0.0371	0.00143	0.00236	0.677	0.0826	0.0158
149.5	0.164	0.0186	0.0000645	0.00827	0.00007	0	0.0358	0.00139	0.00233	0.687	0.0826	0.0165
150	0.157	0.0178	0.0000618	0.00792	0.000067	0	0.0346	0.00136	0.00231	0.696	0.0825	0.0173
152	0.13	0.0148	0.0000513	0.00656	0.0000555	0	0.0294	0.00122	0.00218	0.735	0.0808	0.0211
154	0.105	0.0119	0.0000413	0.00527	0.0000446	0	0.0243	0.00108	0.00201	0.774	0.0766	0.0266
156	0.0801	0.00915	0.0000317	0.00404	0.0000342	0	0.0192	0.000914	0.00179	0.816	0.0692	0.0351
158	0.0566	0.00647	0.0000224	0.00285	0.0000241	0	0.0138	0.000729	0.0015	0.86	0.0576	0.0502
160	0.0345	0.00396	0.0000137	0.00174	0.0000147	0	0.00864	0.000532	0.00115	0.908	0.0415	0.0831
162	0.0197	0.00227	0.00000787	0.000995	0.00000842	0	0.00504	0.000369	0.000841	0.943	0.0282	0.147
164	0.0136	0.00157	0.00000543	0.000685	0.0000058	0	0.00354	0.000259	0.000606	0.957	0.0231	0.215
165	0.0119	0.00138	0.00000478	0.000602	0.00000509	0	0.00314	0.00023	0.000545	0.96	0.0222	0.246
166	0.0107	0.00124	0.0000043	0.000541	0.00000458	0	0.00285	0.000208	0.0005	0.962	0.0218	0.276
168	0.00906	0.00105	0.00000363	0.000456	0.00000386	0	0.00246	0.000178	0.000439	0.964	0.0222	0.33
170	0.00793	0.00092	0.00000319	0.0004	0.00000338	0	0.0022	0.000158	0.0004	0.964	0.0236	0.38
172	0.0071	0.000825	0.00000286	0.000358	0.00000303	0	0.00202	0.000143	0.000371	0.963	0.0261	0.429
174	0.00645	0.000751	0.0000026	0.000325	0.00000275	0	0.00188	0.000132	0.000348	0.96	0.0298	0.477
175	0.00617	0.000719	0.00000249	0.000311	0.00000263	0	0.00181	0.000127	0.000338	0.958	0.0323	0.501
176	0.00591	0.000689	0.00000239	0.000298	0.00000252	0	0.00176	0.000122	0.000329	0.955	0.0354	0.525
178	0.00544	0.000636	0.00000221	0.000274	0.00000232	0	0.00166	0.000113	0.000312	0.947	0.0444	0.575
180	0.00501	0.000587	0.00000203	0.000252	0.00000213	0	0.00156	0.000105	0.000296	0.932	0.0602	0.631
182	0.00455	0.000534	0.00000185	0.000229	0.00000194	0	0.00144	0.0000968	0.000276	0.903	0.09	0.7
184	0.00408	0.00048	0.00000167	0.000206	0.00000174	0	0.00132	0.0000881	0.000254	0.862	0.131	0.788
185	0.00388	0.000457	0.00000159	0.000195	0.00000165	0	0.00127	0.0000843	0.000244	0.844	0.15	0.832
186	0.0037	0.000437	0.00000151	0.000186	0.00000158	0	0.00123	0.0000809	0.000236	0.828	0.166	0.876
188	0.00341	0.000403	0.0000014	0.000172	0.00000145	0	0.00115	0.0000752	0.000222	0.803	0.191	0.96
190	0.00317	0.000375	0.0000013	0.00016	0.00000135	0	0.00109	0.0000705	0.000211	0.786	0.209	1.04
192	0.00297	0.000353	0.00000122	0.00015	0.00000127	0	0.00105	0.0000666	0.000202	0.772	0.223	1.12
194	0.0028	0.000333	0.00000115	0.000141	0.00000119	0	0.00101	0.0000632	0.000194	0.761	0.234	1.2
195	0.00273	0.000324	0.00000113	0.000137	0.00000116	0	0.000994	0.0000617	0.000191	0.757	0.239	1.24
196	0.00265	0.000316	0.0000011	0.000134	0.00000113	0	0.000978	0.0000602	0.000187	0.753	0.243	1.28
198	0.00252	0.000301	0.00000104	0.000127	0.00000107	0	0.00095	0.0000575	0.000181	0.746	0.25	1.35
200	0.0024	0.000287	0.000000995	0.000121	0.00000102	0	0.000926	0.0000551	0.000175	0.741	0.255	1.43
202	0.00229	0.000275	0.000000952	0.000115	0.000000977	0	0.000904	0.0000529	0.00017	0.736	0.26	1.51
204	0.00219	0.000263	0.000000912	0.00011	0.000000934	0	0.000884	0.0000508	0.000165	0.732	0.265	1.59
206	0.0021	0.000253	0.000000876	0.000106	0.000000895	0	0.000866	0.0000489	0.000161	0.728	0.268	1.68
208	0.00202	0.000243	0.000000842	0.000102	0.000000859	0	0.00085	0.0000471	0.000156	0.725	0.271	1.76
210	0.00194	0.000234	0.000000811	0.0000975	0.000000826	0	0.000836	0.0000454	0.000152	0.723	0.274	1.85
212	0.00186	0.000225	0.000000782	0.0000938	0.000000794	0	0.000822	0.0000439	0.000148	0.72	0.276	1.93
214	0.0018	0.000218	0.000000754	0.0000904	0.000000765	0	0.00081	0.0000424	0.000145	0.718	0.278	2.02
216	0.00173	0.00021	0.000000728	0.0000871	0.000000737	0	0.000798	0.000041	0.000141	0.717	0.28	2.12
218	0.00167	0.000203	0.000000704	0.000084	0.000000712	0	0.000787	0.0000396	0.000138	0.715	0.282	2.21
220	0.00161	0.000196	0.000000681	0.0000811	0.000000687	0	0.000777	0.0000384	0.000134	0.714	0.284	2.31
222	0.00156	0.00019	0.000000659	0.0000784	0.000000664	0	0.000768	0.0000372	0.000131	0.712	0.285	2.4
224	0.00151	0.000184	0.000000638	0.0000758	0.000000642	0	0.000759	0.000036	0.000128	0.711	0.286	2.5
226	0.00146	0.000178	0.000000618	0.0000733	0.000000621	0	0.00075	0.0000349	0.000125	0.71	0.287	2.61
228	0.00141	0.000173	0.0000006	0.000071	0.000000601	0	0.000743	0.0000339	0.000122	0.709	0.288	2.71
230	0.00137	0.000168	0.000000582	0.0000688	0.000000582	0	0.000735	0.0000328	0.000119	0.708	0.289	2.82
232	0.00133	0.000163	0.000000565	0.0000667	0.000000565	0	0.000729	0.0000319	0.000117	0.707	0.29	2.93
234	0.00129	0.000158	0.000000549	0.0000647	0.000000548	0	0.000722	0.0000309	0.000114	0.706	0.291	3.04
236	0.00125	0.000154	0.000000533	0.0000627	0.000000531	0	0.000716	0.0000301	0.000111	0.706	0.292	3.16
238	0.00121	0.00015	0.000000519	0.0000609	0.000000516	0	0.00071	0.0000292	0.000109	0.705	0.293	3.27
240	0.00118	0.000145	0.000000504	0.0000591	0.000000501	0	0.000705	0.0000284	0.000107	0.704	0.294	3.4
242	0.00114	0.000142	0.000000491	0.0000574	0.000000487	0	0.0007	0.0000276	0.000104	0.704	0.294	3.52
244	0.00111	0.000138	0.000000478	0.0000558	0.000000473	0	0.000695	0.0000268	0.000102	0.703	0.295	3.64
246	0.00108	0.000134	0.000000465	0.0000543	0.00000046	0	0.00069	0.0000261	0.0000996	0.702	0.296	3.77
248	0.00105	0.000131	0.000000453	0.0000528	0.000000447	0	0.000686	0.0000254	0.0000975	0.702	0.296	3.91
250	0.00102	0.000127	0.000000442	0.0000514	0.000000435	0	0.000682	0.0000247	0.0000954	0.701	0.297	4.04
252	0.000995	0.000124	0.00000043	0.00005	0.000000424	0	0.000678	0.0000241	0.0000933	0.701	0.297	4.18
254	0.000968	0.000121	0.00000042	0.0000487	0.000000413	0	0.000675	0.0000234	0.0000913	0.7	0.298	4.32
256	0.000943	0.000118	0.00000041	0.0000474	0.000000402	0	0.000672	0.0000228	0.0000894	0.7	0.298	4.46
258	0.000919	0.000115	0.0000004	0.0000462	0.000000392	2.46E-009	0.000669	0.0000222	0.0000875	0.699	0.299	4.61
260	0.000896	0.000112	0.00000039	0.0000451	0.000000382	5.15E-008	0.000666	0.0000216	0.0000857	0.699	0.299	4.76
262	0.000874	0.00011	0.000000381	0.0000439	0.000000372	0.000000189	0.000663	0.0000211	0.0000839	0.698	0.3	4.91
264	0.000852	0.000107	0.000000372	0.0000428	0.000000363	0.000000449	0.000661	0.0000206	0.0000821	0.698	0.3	5.07
266	0.000831	0.000105	0.000000363	0.0000418	0.000000354	0.000000864	0.000659	0.0000201	0.0000805	0.698	0.301	5.23
268	0.000811	0.000102	0.000000355	0.0000408	0.000000346	0.00000147	0.000657	0.0000196	0.0000788	0.697	0.301	5.39
270	0.000792	0.0001	0.000000347	0.0000398	0.000000337	0.00000229	0.000655	0.0000191	0.0000772	0.697	0.302	5.55
272	0.000773	0.0000979	0.000000339	0.0000389	0.000000329	0.00000337	0.000654	0.0000186	0.0000756	0.696	0.302	5.72
274	0.000756	0.0000958	0.000000332	0.000038	0.000000322	0.00000473	0.000652	0.0000182	0.0000741	0.696	0.302	5.89
276	0.000738	0.0000937	0.000000325	0.0000371	0.000000314	0.00000641	0.000651	0.0000177	0.0000726	0.696	0.303	6.07
278	0.000721	0.0000917	0.000000318	0.0000363	0.000000307	0.00000845	0.00065	0.0000173	0.0000712	0.695	0.303	6.25
280	0.000705	0.0000897	0.000000311	0.0000355	0.0000003	0.0000109	0.00065	0.0000169	0.0000698	0.695	0.304	6.43
282	0.00069	0.0000879	0.000000305	0.0000347	0.000000294	0.0000138	0.000649	0.0000165	0.0000684	0.695	0.304	6.61
284	0.000674	0.000086	0.000000298	0.0000339	0.000000287	0.0000171	0.000649	0.0000161	0.0000671	0.694	0.304	6.8
286	0.00066	0.0000843	0.000000292	0.0000332	0.000000281	0.000021	0.000649	0.0000157	0.0000657	0.694	0.305	6.99
288	0.000646	0.0000826	0.000000286	0.0000325	0.000000275	0.0000255	0.000649	0.0000154	0.0000645	0.693	0.305	7.19
290	0.000632	0.0000809	0.00000028	0.0000318	0.000000269	0.0000306	0.000649	0.000015	0.0000632	0.693	0.305	7.39
292	0.000619	0.0000793	0.000000275	0.0000311	0.000000263	0.0000365	0.000649	0.0000147	0.000062	0.693	0.306	7.59
294	0.000606	0.0000778	0.00000027	0.0000305	0.000000258	0.0000431	0.00065	0.0000144	0.0000608	0.693	0.306	7.79
296	0.000593	0.0000762	0.000000264	0.0000298	0.000000253	0.0000506	0.000651	0.0000141	0.0000597	0.692	0.306	8
298	0.000581	0.0000748	0.000000259	0.0000292	0.000000247	0.0000591	0.000652	0.0000137	0.0000586	0.692	0.307	8.22
300	0.000569	0.0000734	0.000000254	0.0000286	0.000000242	0.0000687	0.000653	0.0000134	0.0000575	0.692	0.307	8.43
305	0.000542	0.00007	0.000000243	0.0000272	0.000000231	0.0000982	0.000658	0.0000127	0.0000548	0.691	0.308	8.99
310	0.000516	0.0000668	0.000000232	0.0000259	0.00000022	0.000138	0.000664	0.0000121	0.0000524	0.69	0.308	9.57
315	0.000492	0.0000639	0.000000222	0.0000247	0.000000209	0.000192	0.000671	0.0000114	0.00005	0.69	0.309	10.2
320	0.000469	0.0000612	0.000000212	0.0000236	0.0000002	0.000265	0.00068	0.0000109	0.0000478	0.689	0.309	10.8
325	0.000449	0.0000586	0.000000203	0.0000226	0.000000191	0.000369	0.000693	0.0000103	0.0000458	0.688	0.31	11.4
330	0.000429	0.0000563	0.000000195	0.0000216	0.000000183	0.000521	0.000707	0.00000983	0.0000438	0.688	0.31	12.1
335	0.000412	0.0000541	0.000000187	0.0000207	0.000000175	0.000761	0.000726	0.00000937	0.0000421	0.687	0.311	12.8
340	0.000395	0.000052	0.00000018	0.0000199	0.000000168	0.0012	0.00075	0.00000891	0.0000403	0.687	0.311	13.5
345	0.00038	0.0000502	0.000000174	0.0000191	0.000000162	0.00328	0.000783	0.00000844	0.0000388	0.685	0.311	14.2
350	0.00036	0.0000476	0.000000165	0.0000181	0.000000153	0.0156	0.000814	0.00000773	0.0000365	0.676	0.307	15.2
360	0.000318	0.0000423	0.000000147	0.000016	0.000000135	0.0514	0.000851	0.00000625	0.0000317	0.651	0.297	17.6
370	0.000283	0.0000378	0.000000131	0.0000142	0.00000012	0.0835	0.000864	0.00000503	0.0000276	0.628	0.287	20.2
380	0.000254	0.0000341	0.000000118	0.0000127	0.000000108	0.11	0.000861	0.00000406	0.0000242	0.609	0.28	23.1
390	0.00023	0.000031	0.000000107	0.0000115	9.78E-008	0.131	0.00085	0.00000327	0.0000214	0.594	0.274	26.1
400	0.000209	0.0000284	9.83E-008	0.0000105	8.92E-008	0.148	0.000832	0.00000265	0.000019	0.582	0.269	29.2
420	0.000178	0.0000243	8.41E-008	0.00000893	7.57E-008	0.171	0.000789	0.00000174	0.0000153	0.565	0.263	35.9
440	0.000154	0.0000212	7.35E-008	0.00000774	6.56E-008	0.184	0.000742	0.00000115	0.0000126	0.555	0.26	43
450	0.000144	0.0000199	6.91E-008	0.00000725	6.14E-008	0.188	0.000718	0.000000928	0.0000115	0.551	0.259	46.8
460	0.000136	0.0000188	6.52E-008	0.00000681	5.77E-008	0.191	0.000694	0.00000075	0.0000105	0.549	0.259	50.8
480	0.000121	0.0000169	5.85E-008	0.00000607	5.15E-008	0.193	0.000647	0.000000486	0.00000888	0.546	0.26	59.1
500	0.000109	0.0000153	0.000000053	0.00000547	4.63E-008	0.192	0.000604	0.000000311	0.00000759	0.546	0.261	68
520	0.0000988	0.000014	4.84E-008	0.00000496	4.21E-008	0.19	0.000562	0.000000196	0.00000654	0.547	0.263	77.5
540	0.0000902	0.0000128	4.45E-008	0.00000453	3.84E-008	0.185	0.000524	0.000000124	0.00000567	0.549	0.265	87.7
550	0.0000864	0.0000123	4.27E-008	0.00000434	3.67E-008	0.183	0.000506	9.89E-008	0.0000053	0.55	0.266	93
560	0.0000828	0.0000119	4.11E-008	0.00000415	3.52E-008	0.18	0.000488	0.000000081	0.00000496	0.552	0.267	98.6
580	0.0000764	0.000011	3.81E-008	0.00000383	3.25E-008	0.175	0.000455	5.92E-008	0.00000435	0.555	0.27	110
600	0.0000706	0.0000102	3.54E-008	0.00000354	0.00000003	0.169	0.000424	5.03E-008	0.00000384	0.558	0.272	123
620	0.0000656	0.00000953	0.000000033	0.00000329	2.79E-008	0.163	0.000396	4.82E-008	0.0000034	0.562	0.275	136
640	0.000061	0.00000892	3.09E-008	0.00000306	2.59E-008	0.156	0.000369	5.29E-008	0.00000303	0.566	0.277	150
650	0.0000589	0.00000863	2.99E-008	0.00000295	2.51E-008	0.153	0.000357	5.82E-008	0.00000286	0.568	0.279	158
660	0.0000569	0.00000836	0.000000029	0.00000285	2.42E-008	0.15	0.000345	0.000000066	0.0000027	0.57	0.28	165
680	0.0000532	0.00000784	2.72E-008	0.00000267	2.26E-008	0.144	0.000322	8.65E-008	0.00000242	0.573	0.282	182
700	0.0000498	0.00000738	2.56E-008	0.0000025	2.12E-008	0.138	0.000301	0.000000111	0.00000218	0.577	0.285	199
720	0.0000467	0.00000695	2.41E-008	0.00000234	1.98E-008	0.132	0.000281	0.000000138	0.00000196	0.581	0.287	217
740	0.0000438	0.00000655	2.27E-008	0.0000022	1.86E-008	0.126	0.000263	0.000000165	0.00000177	0.584	0.289	237
750	0.0000425	0.00000636	0.000000022	0.00000213	1.81E-008	0.123	0.000255	0.000000179	0.00000169	0.586	0.29	247
760	0.0000412	0.00000618	2.14E-008	0.00000206	1.75E-008	0.12	0.000246	0.000000192	0.00000161	0.588	0.291	258
780	0.0000387	0.00000584	2.02E-008	0.00000194	1.65E-008	0.115	0.000231	0.000000218	0.00000146	0.591	0.294	280
800	0.0000365	0.00000552	1.91E-008	0.00000183	1.55E-008	0.11	0.000216	0.000000244	0.00000133	0.594	0.296	304
820	0.0000343	0.00000522	1.81E-008	0.00000172	1.46E-008	0.105	0.000203	0.000000269	0.00000122	0.598	0.297	330
840	0.0000324	0.00000494	1.71E-008	0.00000162	1.38E-008	0.0999	0.00019	0.000000293	0.00000112	0.601	0.299	357
850	0.0000314	0.0000048	1.66E-008	0.00000158	1.34E-008	0.0975	0.000184	0.000000304	0.00000107	0.602	0.3	371
860	0.0000305	0.00000467	1.62E-008	0.00000153	0.000000013	0.0952	0.000178	0.000000315	0.00000102	0.604	0.301	386
880	0.0000288	0.00000442	1.53E-008	0.00000144	1.23E-008	0.0907	0.000167	0.000000337	0.000000944	0.606	0.303	416
900	0.0000272	0.00000419	1.45E-008	0.00000136	1.16E-008	0.0864	0.000157	0.000000358	0.000000872	0.609	0.304	449
920	0.0000257	0.00000397	1.38E-008	0.00000129	1.09E-008	0.0823	0.000148	0.000000377	0.000000807	0.612	0.306	484
940	0.0000243	0.00000376	0.000000013	0.00000122	1.03E-008	0.0783	0.000139	0.000000393	0.000000749	0.614	0.307	521
950	0.0000236	0.00000366	1.27E-008	0.00000118	0.00000001	0.0764	0.000134	0.0000004	0.000000722	0.616	0.308	540
960	0.0000229	0.00000356	1.23E-008	0.00000115	9.75E-009	0.0745	0.00013	0.000000408	0.000000697	0.617	0.309	560
980	0.0000217	0.00000338	1.17E-008	0.00000108	9.21E-009	0.0708	0.000123	0.000000427	0.00000065	0.619	0.31	602
1000	0.0000205	0.0000032	1.11E-008	0.00000102	8.7E-009	0.0673	0.000115	0.000000439	0.000000608	0.621	0.311	647
