10	6.996E+03	49.9	-38.9	8	7.5	2.7	0
15	4.275E+03	34.8	-29.2	5.9	5.1	2.9	0
20	2.085E+03	25.7	-22.5	4.8	3.7	3	0
25	1.146E+03	20.8	-18.2	4.3	3.1	3	0
30	7.103E+02	18.5	-15.6	4.2	2.8	3.1	0
35	4.846E+02	16.3	-13.9	4	2.6	3.1	0
40	3.555E+02	14.8	-12.9	3.9	2.4	3.1	0
45	2.751E+02	13.5	-12.1	3.8	2.3	3	0
50	2.214E+02	12.5	-11.6	3.7	2.2	3	0
55	1.835E+02	11.7	-11.1	3.7	2.2	2.9	0
60	1.555E+02	11.1	-10.7	3.6	2.1	2.9	0
65	1.341E+02	10.5	-10.3	3.5	2.1	2.9	0
70	1.172E+02	10.1	-10	3.5	2	2.8	0
75	1.036E+02	9.7	-9.7	3.4	2	2.8	0
80	9.240E+01	9.4	-9.5	3.4	2	2.7	0
85	8.302E+01	9.1	-9.3	3.3	1.9	2.7	0
90	7.507E+01	8.8	-9.1	3.3	1.9	2.7	0
95	6.825E+01	8.6	-8.9	3.3	1.9	2.6	0
100	6.235E+01	8.4	-8.8	3.2	1.9	2.6	1.0418
105	5.720E+01	8.2	-8.6	3.2	1.9	2.6	1.0436
110	5.268E+01	8	-8.5	3.2	1.9	2.6	1.0455
115	4.869E+01	7.9	-8.3	3.1	1.8	2.5	1.0474
120	4.514E+01	7.7	-8.2	3.1	1.8	2.5	1.0494
125	4.198E+01	7.6	-8.1	3.1	1.8	2.5	1.0514
130	3.914E+01	7.5	-8	3.1	1.8	2.5	1.0534
135	3.659E+01	7.4	-7.9	3.1	1.8	2.5	1.0553
140	3.428E+01	7.2	-7.8	3	1.8	2.5	1.0571
145	3.219E+01	7.1	-7.7	3	1.8	2.4	1.0587
150	3.029E+01	7	-7.6	3	1.8	2.4	1.0598
160	2.697E+01	6.9	-7.5	3	1.8	2.4	1.0486
170	2.419E+01	6.7	-7.4	3	1.8	2.4	1.0206
180	2.184E+01	6.5	-7.2	2.9	1.8	2.4	1.0053
190	1.984E+01	6.4	-7.1	2.9	1.7	2.3	0.9872
200	1.812E+01	6.3	-7	2.9	1.7	2.3	0.9793
210	1.665E+01	6.2	-6.9	2.9	1.7	2.3	0.9761
220	1.537E+01	6.1	-6.8	2.9	1.7	2.3	0.9749
230	1.426E+01	6	-6.7	2.9	1.7	2.3	0.9749
240	1.331E+01	5.9	-6.6	2.9	1.7	2.3	0.9755
250	1.248E+01	5.9	-6.5	2.9	1.8	2.3	0.9762
260	1.176E+01	5.8	-6.5	2.9	1.8	2.3	0.9772
270	1.114E+01	5.8	-6.4	2.9	1.8	2.3	0.9783
280	1.062E+01	5.8	-6.3	2.9	1.8	2.2	0.9795
290	1.018E+01	5.8	-6.3	2.9	1.8	2.2	0.9805
300	9.823E+00	5.8	-6.2	2.9	1.8	2.2	0.9813
310	9.559E+00	5.7	-6.1	2.9	1.8	2.2	0.9819
320	9.392E+00	5.7	-6.1	2.9	1.8	2.2	0.982
330	9.349E+00	5.7	-6	2.9	1.8	2.2	0.9813
340	9.521E+00	5.7	-5.9	2.9	1.8	2.2	0.9779
350	1.025E+01	5.7	-5.8	2.9	1.8	2.2	0.9595
360	1.063E+01	5.7	-5.8	2.9	1.9	2.2	0.9608
370	1.064E+01	5.7	-5.7	2.9	1.9	2.2	0.9642
380	1.040E+01	5.7	-5.7	2.9	1.9	2.2	0.9677
390	1.000E+01	5.7	-5.6	2.9	1.9	2.2	0.9713
400	9.516E+00	5.7	-5.5	2.9	1.9	2.2	0.9741
410	8.976E+00	5.7	-5.5	3	2	2.2	0.9771
420	8.415E+00	5.7	-5.4	3	2	2.2	0.9802
430	7.853E+00	5.7	-5.4	3	2	2.2	0.983
440	7.301E+00	5.7	-5.3	3	2	2.2	0.9853
450	6.771E+00	5.7	-5.3	3	2	2.2	0.9878
460	6.266E+00	5.6	-5.2	3	2.1	2.2	0.99
470	5.788E+00	5.6	-5.2	3.1	2.1	2.2	0.9921
480	5.341E+00	5.6	-5.2	3.1	2.1	2.2	0.994
490	4.924E+00	5.6	-5.1	3.1	2.1	2.3	0.9961
500	4.538E+00	5.6	-5.1	3.1	2.2	2.3	0.9981
550	3.008E+00	5.5	-5	3.2	2.3	2.3	1.0069
600	2.006E+00	5.5	-4.9	3.4	2.5	2.3	1.0152
650	1.352E+00	5.5	-4.9	3.5	2.6	2.3	1.0226
700	9.235E-01	5.4	-4.8	3.7	2.8	2.4	1.0301
750	6.398E-01	5.4	-4.8	3.9	3	2.4	1.0377
800	4.491E-01	5.5	-4.7	4	3.2	2.4	1.0454
850	3.195E-01	5.5	-4.7	4.2	3.4	2.5	1.0532
900	2.301E-01	5.5	-4.8	4.4	3.6	2.5	1.061
950	1.675E-01	5.5	-4.8	4.6	3.8	2.6	1.0695
1000	1.233E-01	5.5	-4.8	4.8	4	2.6	1.0783
1050	9.159E-02	5.5	-4.8	5	4.2	2.7	1.089
1100	6.868E-02	5.5	-4.8	5.2	4.4	2.7	1.1004
1150	5.193E-02	5.6	-4.9	5.4	4.7	2.8	1.1122
1200	3.958E-02	5.6	-4.9	5.6	4.9	2.8	1.1242
1250	3.040E-02	5.6	-4.9	5.9	5.1	2.9	1.1364
1300	2.349E-02	5.6	-4.9	6.1	5.3	2.9	1.1475
1350	1.828E-02	5.6	-5	6.3	5.6	3	1.1586
1400	1.431E-02	5.7	-5	6.5	5.8	3	1.17
1450	1.126E-02	5.8	-5	6.8	6	3.1	1.1816
1500	8.913E-03	5.9	-5.1	7	6.3	3.2	1.1937
1550	7.089E-03	6.1	-5.1	7.3	6.5	3.2	1.2069
1600	5.666E-03	6.3	-5.1	7.5	6.7	3.3	1.2206
1650	4.546E-03	6.5	-5.2	7.7	7	3.3	1.2347
1700	3.662E-03	6.8	-5.2	8	7.2	3.4	1.2493
1750	2.965E-03	9.4	-3.5	7.5	7.2	1.8	1.2644
1800	2.408E-03	9.1	-3.9	7.9	7.6	2.1	1.2798
1850	1.963E-03	8.8	-4.2	8.2	7.9	2.5	1.2955
1900	1.606E-03	8.6	-4.5	8.6	8.2	2.8	1.3117
1950	1.317E-03	8.4	-4.7	9	8.4	3.1	1.3283
2000	1.084E-03	8.3	-4.9	9.4	8.7	3.3	1.3453
2050	8.953E-04	8.2	-5.1	9.7	9	3.6	1.3627
2100	7.415E-04	8.1	-5.3	10	9.3	3.8	1.3806
2150	6.144E-04	8.1	-5.5	10.4	9.6	3.9	1.3989
2200	5.108E-04	8.1	-5.6	10.7	9.9	4.1	1.4176
2250	4.267E-04	8.1	-5.7	11	10.1	4.2	1.4367
2300	3.569E-04	8.1	-5.8	11.3	10.4	4.3	1.4563
2350	2.988E-04	8.2	-5.9	11.6	10.7	4.4	1.4763
2400	2.509E-04	8.3	-6	11.9	11	4.5	1.4968
2450	2.110E-04	8.3	-6	12.2	11.3	4.6	1.5177
2500	1.778E-04	8.4	-6.1	12.5	11.6	4.6	1.539
2550	1.499E-04	8.5	-6.2	12.8	11.9	4.7	0
2600	1.272E-04	8.6	-6.2	13.1	12.2	4.8	0
2650	1.077E-04	8.7	-6.3	13.4	12.5	4.8	0
2700	9.121E-05	8.7	-6.3	13.7	12.8	4.9	0
2750	7.771E-05	8.8	-6.4	14	13.1	4.9	0
2800	6.611E-05	8.9	-6.5	14.4	13.5	5	0
2850	5.636E-05	8.9	-6.6	14.7	13.8	5	0
2900	4.809E-05	8.9	-6.7	15.1	14.2	5.1	0
2950	4.112E-05	8.9	-6.8	15.5	14.6	5.2	0
3000	3.502E-05	8.9	-6.9	15.9	15	5.3	0
